Using FcfsDispatcher
name	start	end	ready	running	blocked
s1 	0	2476	2316	100	60
s2 	0	2477	2374	100	3
s3 	0	2478	2318	100	60
s4 	0	2479	2376	100	3
s5 	0	2480	2320	100	60
s6 	0	2481	2378	100	3
s7 	0	2482	2322	100	60
s8 	0	2483	2380	100	3
s9 	0	2484	2324	100	60
s10 	0	2485	2382	100	3
s11 	0	2486	2326	100	60
s12 	0	2487	2384	100	3
s13 	0	2488	2328	100	60
s14 	0	2489	2386	100	3
s15 	0	2490	2330	100	60
s16 	0	2491	2388	100	3
s17 	0	2492	2332	100	60
s18 	0	2493	2390	100	3
s19 	0	2494	2334	100	60
s20 	0	2495	2392	100	3
s21 	0	2496	2336	100	60
s22 	0	2497	2394	100	3
s23 	0	2498	2338	100	60
s24 	0	2499	2396	100	3
s25 	0	2500	2340	100	60

Tasks completed= 25
Max turnaround time= 2500
Average turnaround time= 2488
Max waiting time= 2396
Average waiting time= 2355
CPU utilisation= 100%

