Using CbDispatcher
name	start	end	ready	running	blocked
s1 	0	5015	3951	500	564
s2 	0	5207	4536	500	171
s3 	0	6041	5299	500	242
s6 	0	6406	5497	500	409
s5 	0	6576	5811	500	265
s4 	0	7061	6427	500	134
s7 	0	8244	7601	500	143
s10 	0	8293	7371	500	422
s9 	0	8520	7705	500	315
s8 	0	8891	8169	500	222
s13 	0	9796	9035	500	261
s14 	0	10277	9476	500	301
s11 	0	10570	9967	500	103
s12 	0	10586	9939	500	147
s15 	0	11037	10192	500	345
s18 	0	11548	10886	500	162
s17 	0	11715	11087	500	128
s20 	0	11784	11030	500	254
s19 	0	11848	11151	500	197
s21 	0	11849	11010	500	339
s16 	0	12014	11444	500	70
s22 	0	12364	11735	500	129
s24 	0	12467	11640	500	327
s23 	0	12478	11776	500	202
s25 	0	12527	11586	500	441

Tasks completed= 25
Max turnaround time= 12527
Average turnaround time= 9724
Max waiting time= 11776
Average waiting time= 8972
CPU utilisation= 99%

