Using RrDispatcher
name	start	end	ready	running	blocked
s2 	0	2461	2358	100	3
s4 	0	2471	2368	100	3
s6 	0	2475	2372	100	3
s8 	0	2476	2373	100	3
s10 	0	2480	2377	100	3
s12 	0	2481	2378	100	3
s14 	0	2482	2379	100	3
s16 	0	2483	2380	100	3
s18 	0	2484	2381	100	3
s1 	0	2485	2325	100	60
s20 	0	2486	2383	100	3
s3 	0	2487	2327	100	60
s22 	0	2488	2385	100	3
s5 	0	2489	2329	100	60
s24 	0	2490	2387	100	3
s7 	0	2491	2331	100	60
s9 	0	2492	2332	100	60
s11 	0	2493	2333	100	60
s13 	0	2494	2334	100	60
s15 	0	2495	2335	100	60
s17 	0	2496	2336	100	60
s19 	0	2497	2337	100	60
s21 	0	2498	2338	100	60
s23 	0	2499	2339	100	60
s25 	0	2500	2340	100	60

Tasks completed= 25
Max turnaround time= 2500
Average turnaround time= 2486
Max waiting time= 2387
Average waiting time= 2354
CPU utilisation= 100%

