Using CbDispatcher
name	start	end	ready	running	blocked
s1 	0	793	633	100	60
s2 	0	1254	1151	100	3
s3 	0	1285	1125	100	60
s4 	0	1325	1222	100	3
s6 	0	1326	1223	100	3
s5 	0	1345	1185	100	60
s8 	0	1650	1547	100	3
s10 	0	1651	1548	100	3
s7 	0	1652	1492	100	60
s9 	0	1653	1493	100	60
s12 	0	2094	1991	100	3
s14 	0	2095	1992	100	3
s11 	0	2126	1966	100	60
s13 	0	2127	1967	100	60
s15 	0	2128	1968	100	60
s16 	0	2347	2244	100	3
s18 	0	2348	2245	100	3
s20 	0	2349	2246	100	3
s17 	0	2361	2201	100	60
s19 	0	2364	2204	100	60
s21 	0	2367	2207	100	60
s22 	0	2497	2394	100	3
s24 	0	2498	2395	100	3
s23 	0	2514	2354	100	60
s25 	0	2517	2357	100	60

Tasks completed= 25
Max turnaround time= 2517
Average turnaround time= 1946
Max waiting time= 2395
Average waiting time= 1814
CPU utilisation= 99%

