Using RtcDispatcher
name	start	end	ready	running	blocked
s1 	0	160	0	100	60
s2 	0	263	160	100	3
s3 	0	423	263	100	60
s4 	0	526	423	100	3
s5 	0	686	526	100	60
s6 	0	789	686	100	3
s7 	0	949	789	100	60
s8 	0	1052	949	100	3
s9 	0	1212	1052	100	60
s10 	0	1315	1212	100	3
s11 	0	1475	1315	100	60
s12 	0	1578	1475	100	3
s13 	0	1738	1578	100	60
s14 	0	1841	1738	100	3
s15 	0	2001	1841	100	60
s16 	0	2104	2001	100	3
s17 	0	2264	2104	100	60
s18 	0	2367	2264	100	3
s19 	0	2527	2367	100	60
s20 	0	2630	2527	100	3
s21 	0	2790	2630	100	60
s22 	0	2893	2790	100	3
s23 	0	3053	2893	100	60
s24 	0	3156	3053	100	3
s25 	0	3316	3156	100	60

Tasks completed= 25
Max turnaround time= 3316
Average turnaround time= 1724
Max waiting time= 3156
Average waiting time= 1591
CPU utilisation= 75%

