Using NppDispatcher
name	start	end	ready	running	blocked
s1 	0	199	39	100	60
s2 	0	299	196	100	3
s3 	0	333	173	100	60
s4 	0	598	495	100	3
s5 	0	599	439	100	60
s6 	0	600	497	100	3
s7 	0	997	837	100	60
s8 	0	998	895	100	3
s9 	0	999	839	100	60
s10 	0	1000	897	100	3
s11 	0	1496	1336	100	60
s12 	0	1497	1394	100	3
s13 	0	1498	1338	100	60
s14 	0	1499	1396	100	3
s15 	0	1533	1373	100	60
s16 	0	2095	1992	100	3
s17 	0	2096	1936	100	60
s18 	0	2097	1994	100	3
s19 	0	2098	1938	100	60
s20 	0	2099	1996	100	3
s21 	0	2133	1973	100	60
s22 	0	2497	2394	100	3
s23 	0	2498	2338	100	60
s24 	0	2499	2396	100	3
s25 	0	2517	2357	100	60

Tasks completed= 25
Max turnaround time= 2517
Average turnaround time= 1470
Max waiting time= 2396
Average waiting time= 1338
CPU utilisation= 99%

